image: lecture_hall_lidar.pgm
resolution: 0.050000
origin: [-2.83209133148, -1.5104598999, 0.000000]
negate: 0
occupied_thresh: 0.65
free_thresh: 0.196

